
000000011000000000000000    000000001100000000000000    000000000110000000000000    000000000011000000000000    000000000001100000000000    000000000000110000000000    000000000000011000000000    000000000000001100000000
000000111100000000000000    000000011110000000000000	000000001111000000000000    000000000111100000000000	000000000011110000000000    000000000001111000000000	000000000000111100000000    000000000000011110000000
000001111110000000000000    000000111111000000000000	000000011111100000000000    000000001111110000000000	000000000111111000000000    000000000011111100000000	000000000001111110000000    000000000000111111000000
000011111111000000000000    000001111111100000000000	000000111111110000000000    000000011111111000000000	000000001111111100000000    000000000111111110000000	000000000011111111000000    000000000001111111100000
000000011000000000000000    000000001100000000000000	000000000110000000000000    000000000011000000000000	000000000001100000000000    000000000000110000000000	000000000000011000000000    000000000000001100000000
000000011000000000000000    000000001100000000000000	000000000110000000000000    000000000011000000000000	000000000001100000000000    000000000000110000000000	000000000000011000000000    000000000000001100000000
000000011000000000000000    000000001100000000000000	000000000110000000000000    000000000011000000000000	000000000001100000000000    000000000000110000000000	000000000000011000000000    000000000000001100000000
000000011000000000000000    000000001100000000000000	000000000110000000000000    000000000011000000000000	000000000001100000000000    000000000000110000000000	000000000000011000000000    000000000000001100000000
000000011000000000000000    000000001100000000000000	000000000110000000000000    000000000011000000000000	000000000001100000000000    000000000000110000000000	000000000000011000000000    000000000000001100000000
000000011000000000000000    000000001100000000000000	000000000110000000000000    000000000011000000000000	000000000001100000000000    000000000000110000000000	000000000000011000000000    000000000000001100000000
000000011000000000000000    000000001100000000000000	000000000110000000000000    000000000011000000000000	000000000001100000000000    000000000000110000000000	000000000000011000000000    000000000000001100000000
000000011000000000000000    000000001100000000000000	000000000110000000000000    000000000011000000000000	000000000001100000000000    000000000000110000000000	000000000000011000000000    000000000000001100000000
000000011000000000000000    000000001100000000000000	000000000110000000000000    000000000011000000000000	000000000001100000000000    000000000000110000000000	000000000000011000000000    000000000000001100000000
000000011000000000000000    000000001100000000000000	000000000110000000000000    000000000011000000000000	000000000001100000000000    000000000000110000000000	000000000000011000000000    000000000000001100000000
000000011000000000000000    000000001100000000000000	000000000110000000000000    000000000011000000000000	000000000001100000000000    000000000000110000000000	000000000000011000000000    000000000000001100000000
000000011000000000000000    000000001100000000000000	000000000110000000000000    000000000011000000000000	000000000001100000000000    000000000000110000000000	000000000000011000000000    000000000000001100000000

000000000000000000000000    000000000000000000000000    000000000000000000000000    000000000000000000000000    000000000000000000000000    000000000000000000000000    000000000000000000000000    000000000000000000000000
000000000000000000000000    000000000000000000000000    000000000000000000000000    000000000000000000000000    000000000000000000000000    000000000000000000000000	000000000000000000000000    000000000000000000000000
000000000000000000000000    000000000000000000000000    000000000000000000000000    000000000000000000000000    000000000000000000000000    000000000000000000000000    000000000000000000000000    000000000000000000000000    
000000000000000000000000    000000000000000000000000    000000000000000000000000    000000000000000000000000    000000000000000000000000    000000000000000000000000    000000000000000000000000    000000000000000000000000    
000000000000100000000000    000000000000010000000000    000000000000001000000000    000000000000000100000000    000000000000000010000000    000000000000000001000000    000000000000000000100000    000000000000000000010000    
000000000000110000000000    000000000000011000000000    000000000000001100000000    000000000000000110000000    000000000000000011000000    000000000000000001100000    000000000000000000110000    000000000000000000011000    
000000000000111000000000    000000000000011100000000    000000000000001110000000    000000000000000111000000    000000000000000011100000    000000000000000001110000    000000000000000000111000    000000000000000000011100    
111111111111111100000000    011111111111111110000000    001111111111111111000000    000111111111111111100000    000011111111111111110000    000001111111111111111000    000000111111111111111100    000000011111111111111110    
111111111111111100000000    011111111111111110000000    001111111111111111000000    000111111111111111100000    000011111111111111110000    000001111111111111111000    000000111111111111111100    000000011111111111111110    
000000000000111000000000    000000000000011100000000    000000000000001110000000    000000000000000111000000    000000000000000011100000    000000000000000001110000    000000000000000000111000    000000000000000000011100    
000000000000110000000000    000000000000011000000000    000000000000001100000000    000000000000000110000000    000000000000000011000000    000000000000000001100000    000000000000000000110000    000000000000000000011000    
000000000000100000000000    000000000000010000000000    000000000000001000000000    000000000000000100000000    000000000000000010000000    000000000000000001000000    000000000000000000100000    000000000000000000010000    
000000000000000000000000    000000000000000000000000    000000000000000000000000    000000000000000000000000    000000000000000000000000    000000000000000000000000    000000000000000000000000    000000000000000000000000    
000000000000000000000000    000000000000000000000000    000000000000000000000000    000000000000000000000000    000000000000000000000000    000000000000000000000000    000000000000000000000000    000000000000000000000000    
000000000000000000000000    000000000000000000000000    000000000000000000000000    000000000000000000000000    000000000000000000000000    000000000000000000000000    000000000000000000000000    000000000000000000000000    
000000000000000000000000    000000000000000000000000    000000000000000000000000    000000000000000000000000    000000000000000000000000    000000000000000000000000    000000000000000000000000    000000000000000000000000    

000000000000000000000000    000000000000000000000000    000000000000000000000000    000000000000000000000000    000000000000000000000000    000000000000000000000000    000000000000000000000000    000000000000000000000000
000000000000000000000000    000000000000000000000000	000000000000000000000000    000000000000000000000000	000000000000000000000000    000000000000000000000000	000000000000000000000000    000000000000000000000000
000000000000000000000000    000000000000000000000000	000000000000000000000000    000000000000000000000000	000000000000000000000000    000000000000000000000000	000000000000000000000000    000000000000000000000000
000000000000000000000000    000000000000000000000000	000000000000000000000000    000000000000000000000000	000000000000000000000000    000000000000000000000000	000000000000000000000000    000000000000000000000000
000100000000000000000000    000010000000000000000000	000001000000000000000000    000000100000000000000000	000000010000000000000000    000000001000000000000000	000000000100000000000000    000000000010000000000000
001100000000000000000000    000110000000000000000000	000011000000000000000000    000001100000000000000000	000000110000000000000000    000000011000000000000000	000000001100000000000000    000000000110000000000000
011100000000000000000000    001110000000000000000000	000111000000000000000000    000011100000000000000000	000001110000000000000000    000000111000000000000000	000000011100000000000000    000000001110000000000000
111111111111111100000000    011111111111111110000000	001111111111111111000000    000111111111111111100000	000011111111111111110000    000001111111111111111000	000000111111111111111100    000000011111111111111110
111111111111111100000000    011111111111111110000000	001111111111111111000000    000111111111111111100000	000011111111111111110000    000001111111111111111000	000000111111111111111100    000000011111111111111110
011100000000000000000000    001110000000000000000000	000111000000000000000000    000011100000000000000000	000001110000000000000000    000000111000000000000000	000000011100000000000000    000000001110000000000000
001100000000000000000000    000110000000000000000000	000011000000000000000000    000001100000000000000000	000000110000000000000000    000000011000000000000000	000000001100000000000000    000000000110000000000000
000100000000000000000000    000010000000000000000000	000001000000000000000000    000000100000000000000000	000000010000000000000000    000000001000000000000000	000000000100000000000000    000000000010000000000000
000000000000000000000000    000000000000000000000000	000000000000000000000000    000000000000000000000000	000000000000000000000000    000000000000000000000000	000000000000000000000000    000000000000000000000000
000000000000000000000000    000000000000000000000000	000000000000000000000000    000000000000000000000000	000000000000000000000000    000000000000000000000000	000000000000000000000000    000000000000000000000000
000000000000000000000000    000000000000000000000000	000000000000000000000000    000000000000000000000000	000000000000000000000000    000000000000000000000000	000000000000000000000000    000000000000000000000000
000000000000000000000000    000000000000000000000000	000000000000000000000000    000000000000000000000000	000000000000000000000000    000000000000000000000000	000000000000000000000000    000000000000000000000000

000000011000000000000000    000000001100000000000000    000000000110000000000000    000000000011000000000000    000000000001100000000000    000000000000110000000000    000000000000011000000000    000000000000001100000000
000000011000000000000000    000000001100000000000000	000000000110000000000000    000000000011000000000000	000000000001100000000000    000000000000110000000000	000000000000011000000000    000000000000001100000000
000000011000000000000000    000000001100000000000000	000000000110000000000000    000000000011000000000000	000000000001100000000000    000000000000110000000000	000000000000011000000000    000000000000001100000000
000000011000000000000000    000000001100000000000000	000000000110000000000000    000000000011000000000000	000000000001100000000000    000000000000110000000000	000000000000011000000000    000000000000001100000000
000000011000000000000000    000000001100000000000000	000000000110000000000000    000000000011000000000000	000000000001100000000000    000000000000110000000000	000000000000011000000000    000000000000001100000000
000000011000000000000000    000000001100000000000000	000000000110000000000000    000000000011000000000000	000000000001100000000000    000000000000110000000000	000000000000011000000000    000000000000001100000000
000000011000000000000000    000000001100000000000000	000000000110000000000000    000000000011000000000000	000000000001100000000000    000000000000110000000000	000000000000011000000000    000000000000001100000000
000000011000000000000000    000000001100000000000000	000000000110000000000000    000000000011000000000000	000000000001100000000000    000000000000110000000000	000000000000011000000000    000000000000001100000000
000000011000000000000000    000000001100000000000000	000000000110000000000000    000000000011000000000000	000000000001100000000000    000000000000110000000000	000000000000011000000000    000000000000001100000000
000000011000000000000000    000000001100000000000000	000000000110000000000000    000000000011000000000000	000000000001100000000000    000000000000110000000000	000000000000011000000000    000000000000001100000000
000000011000000000000000    000000001100000000000000	000000000110000000000000    000000000011000000000000	000000000001100000000000    000000000000110000000000	000000000000011000000000    000000000000001100000000
000000011000000000000000    000000001100000000000000	000000000110000000000000    000000000011000000000000	000000000001100000000000    000000000000110000000000	000000000000011000000000    000000000000001100000000
000011111111000000000000    000001111111100000000000	000000111111110000000000    000000011111111000000000	000000001111111100000000    000000000111111110000000	000000000011111111000000    000000000001111111100000
000001111110000000000000    000000111111000000000000	000000011111100000000000    000000001111110000000000	000000000111111000000000    000000000011111100000000	000000000001111110000000    000000000000111111000000
000000111100000000000000    000000011110000000000000	000000001111000000000000    000000000111100000000000	000000000011110000000000    000000000001111000000000	000000000000111100000000    000000000000011110000000
000000011000000000000000    000000001100000000000000	000000000110000000000000    000000000011000000000000	000000000001100000000000    000000000000110000000000	000000000000011000000000    000000000000001100000000